8 9
8 10
9 11
10 11
11 13
11 12
12 33
13 15
14 15
15 17
15 16
16 18
17 18
18 20
18 19
19 21
20 21
21 14
21 22
22 24
22 23
23 25
24 25
25 27
25 26
25 32
25 28
26 33
27 31
28 30
28 29
29 33
30 31
31 33
32 33
38 39
38 40
39 54
40 41
40 42
41 54
42 43
42 44
43 54
44 45
44 46
45 54
46 48
46 47
47 54
48 50
48 49
49 54
50 51
50 52
51 53
52 53
53 54
56 57
56 58
57 80
58 59
58 60
59 80
60 61
60 62
61 80
62 63
62 64
63 80
64 66
64 65
65 80
66 68
66 67
67 80
68 69
68 70
69 80
70 71
70 72
71 80
72 74
72 73
73 80
74 76
74 75
75 80
76 77
76 78
77 79
78 79
79 80
81 82
81 83
82 122
83 84
83 85
84 122
85 86
85 87
86 122
87 88
87 89
88 122
89 91
89 90
90 122
91 93
91 92
92 122
93 94
93 97
94 95
94 96
95 122
96 100
97 99
97 98
98 100
99 103
100 102
100 101
101 122
102 103
103 104
103 105
104 108
105 106
105 107
106 108
107 108
108 109
108 110
109 122
110 111
110 112
111 122
112 113
112 114
113 122
114 116
114 115
115 122
116 118
116 117
117 122
118 119
118 120
119 121
120 121
121 122
125 126
125 127
126 142
127 129
127 128
128 142
129 130
129 131
130 142
131 133
131 132
132 134
133 134
134 136
134 135
135 137
136 137
137 138
137 139
138 142
139 140
139 141
140 142
141 142
143 144
143 145
144 160
145 147
145 146
146 160
147 148
147 149
148 160
149 151
149 150
150 152
151 152
152 154
152 153
153 155
154 155
155 156
155 157
156 160
157 158
157 159
158 160
159 160
161 162
161 163
162 182
163 164
163 165
164 182
165 166
165 167
166 182
167 168
167 169
168 182
169 171
169 170
170 182
171 173
171 172
172 182
173 174
173 175
174 182
175 176
175 177
176 182
177 178
177 179
178 182
179 180
179 181
180 182
181 182
183 184
183 185
184 750
185 186
185 187
186 750
187 188
187 189
188 750
189 190
189 191
190 750
191 193
191 192
192 750
193 195
193 194
194 750
195 196
195 197
196 750
197 199
197 198
198 202
199 201
199 200
200 750
201 202
202 204
202 203
203 205
204 205
205 206
206 224
206 234
206 231
206 284
206 301
206 317
206 223
206 222
206 221
206 220
206 228
206 219
206 218
206 217
206 458
206 216
206 215
206 225
206 214
206 213
206 212
206 211
206 591
206 210
206 623
206 209
206 654
206 657
206 208
206 717
206 207
206 749
207 718
208 678
209 635
210 603
211 563
212 562
213 503
214 483
215 471
216 470
217 442
218 439
219 436
220 413
221 388
222 363
223 342
224 750
225 227
225 226
226 480
227 476
228 230
228 229
229 435
230 431
231 233
231 232
232 271
233 267
234 238
234 235
235 237
235 236
236 243
237 239
238 695
239 699
239 240
240 241
240 242
241 239
242 243
243 244
243 248
244 246
244 245
245 247
246 247
247 695
248 249
248 250
249 251
250 251
251 252
251 253
252 255
253 256
253 254
254 255
255 695
256 258
256 257
257 695
258 260
258 259
259 261
260 261
261 262
261 263
262 265
263 264
263 266
264 265
265 695
266 695
267 704
267 268
268 269
268 270
269 267
270 271
271 273
271 272
272 695
273 275
273 274
274 695
275 276
275 277
276 278
277 278
278 279
278 280
279 283
280 281
280 282
281 283
282 283
283 287
284 286
284 285
285 292
286 287
287 288
288 703
288 289
289 291
289 290
290 292
291 288
292 293
292 294
293 295
294 295
295 296
295 297
296 300
297 298
297 299
298 300
299 300
300 304
301 303
301 302
302 309
303 304
304 305
305 702
305 306
306 308
306 307
307 309
308 305
309 310
309 311
310 312
311 312
312 313
312 314
313 319
314 315
314 316
315 319
316 319
317 318
317 322
318 338
319 321
319 320
320 325
321 338
322 324
322 323
323 330
324 325
325 326
326 701
326 327
327 329
327 328
328 330
329 326
330 331
330 332
331 333
332 333
333 334
333 335
334 341
335 336
335 337
336 341
337 341
338 339
338 340
339 341
340 341
341 342
342 343
342 344
343 362
344 345
344 346
345 359
346 347
346 348
347 353
348 349
348 350
349 353
350 352
350 351
351 353
352 353
353 354
353 355
354 358
355 356
355 357
356 358
357 358
358 359
359 361
359 360
360 718
361 362
362 363
363 384
363 364
364 365
364 366
365 718
366 367
367 368
367 369
368 374
369 370
369 371
370 374
371 373
371 372
372 374
373 374
374 375
374 376
375 367
376 377
376 378
377 381
378 379
378 380
379 381
380 381
381 383
381 382
382 387
383 718
384 385
384 386
385 387
386 387
387 388
388 409
388 389
389 390
389 391
390 718
391 392
392 393
392 394
393 399
394 395
394 396
395 399
396 398
396 397
397 399
398 399
399 400
399 401
400 392
401 402
401 403
402 406
403 404
403 405
404 406
405 406
406 408
406 407
407 412
408 718
409 410
409 411
410 412
411 412
412 413
413 414
413 415
414 427
415 417
415 416
416 422
417 418
418 700
418 419
419 420
419 421
420 418
421 422
422 423
422 424
423 427
424 425
424 426
425 427
426 695
427 428
427 429
428 430
429 430
430 695
431 705
431 432
432 434
432 433
433 435
434 431
435 436
436 437
436 438
437 750
438 439
439 441
439 440
440 442
441 718
442 443
442 447
443 445
443 444
444 449
445 446
445 448
446 718
447 695
448 449
449 450
449 451
449 454
449 455
450 456
451 453
451 452
452 457
453 718
454 456
455 456
456 457
457 695
458 460
458 459
459 465
460 461
461 706
461 462
462 463
462 464
463 461
464 465
465 467
465 466
466 695
467 469
467 468
468 470
469 718
470 471
471 475
471 472
472 473
472 474
473 718
474 695
475 695
476 707
476 477
477 478
477 479
478 476
479 480
480 481
480 482
481 695
482 483
483 485
483 484
484 486
485 489
486 488
486 487
487 500
488 497
489 491
489 490
490 494
491 492
491 493
492 718
493 494
494 496
494 495
495 489
496 486
497 499
497 498
498 497
499 500
500 502
500 501
501 695
502 503
503 505
503 504
504 551
505 506
506 508
506 507
507 513
508 509
509 710
509 510
510 511
510 512
511 509
512 513
513 514
513 515
514 548
515 522
515 519
515 516
516 518
516 517
517 536
518 532
519 521
519 520
520 529
521 525
522 524
522 523
523 541
524 537
525 697
525 526
526 527
526 528
527 525
528 529
529 530
529 531
530 695
531 542
532 698
532 533
533 534
533 535
534 532
535 536
536 542
537 696
537 538
538 539
538 540
539 537
540 541
541 542
542 544
542 543
543 545
544 695
545 547
545 546
546 545
547 548
548 550
548 549
549 551
550 506
551 552
551 553
552 695
553 554
553 555
554 695
555 557
555 556
556 695
557 559
557 558
558 695
559 561
559 560
560 562
561 718
562 563
563 564
563 567
564 566
564 565
565 695
566 695
567 569
567 568
568 574
569 570
570 716
570 571
571 572
571 573
572 570
573 574
574 576
574 575
575 584
576 578
576 577
577 583
578 579
579 715
579 580
580 581
580 582
581 579
582 583
583 584
584 585
584 586
585 695
586 588
586 587
587 695
588 590
588 589
589 695
590 592
591 592
592 593
592 594
593 602
594 596
594 595
595 601
596 597
597 714
597 598
598 600
598 599
599 601
600 597
601 602
602 603
603 605
603 604
604 610
605 606
606 713
606 607
607 608
607 609
608 606
609 610
610 612
610 611
611 620
612 614
612 613
613 619
614 615
615 712
615 616
616 617
616 618
617 615
618 619
619 620
620 622
620 621
621 695
622 624
623 624
624 625
624 626
625 634
626 628
626 627
627 633
628 629
629 711
629 630
630 632
630 631
631 633
632 629
633 634
634 635
635 636
635 637
636 718
637 638
637 647
638 640
638 639
639 643
640 641
640 642
641 643
642 695
643 644
643 645
644 646
645 646
646 648
647 648
648 649
649 651
649 650
650 649
651 653
651 652
652 695
653 695
654 655
654 656
655 718
656 695
657 658
657 659
658 677
659 661
659 660
660 666
661 662
662 709
662 663
663 664
663 665
664 662
665 666
666 667
666 668
667 672
668 670
668 669
669 671
670 671
671 672
672 673
672 674
673 677
674 675
674 676
675 677
676 695
677 678
678 679
678 680
679 694
680 681
680 682
681 694
682 684
682 683
683 689
684 685
685 708
685 686
686 687
686 688
687 685
688 689
689 690
689 691
690 694
691 692
691 693
692 694
693 695
694 718
695 206
696 718
697 718
698 718
699 718
700 718
701 718
702 718
703 718
704 718
705 718
706 718
707 718
708 718
709 718
710 718
711 718
712 718
713 718
714 718
715 718
716 718
717 718
718 720
718 719
719 727
720 721
720 722
721 742
722 724
722 723
723 742
724 726
724 725
725 727
726 742
727 729
727 728
728 731
729 741
729 730
730 731
731 733
731 732
732 734
733 734
734 736
734 735
735 742
736 737
736 738
737 742
738 740
738 739
739 742
740 742
741 750
742 743
742 744
743 748
744 746
744 745
745 747
746 747
747 748
748 750
749 750
783 784
783 785
784 799
785 786
785 787
786 799
787 788
787 789
788 799
789 790
789 791
790 799
791 793
791 792
792 799
793 795
793 794
794 799
795 796
795 797
796 798
797 798
798 799
800 801
800 802
801 818
802 803
802 804
803 818
804 805
804 806
805 818
806 807
806 808
807 818
808 810
808 809
809 818
810 812
810 811
811 818
812 813
812 814
813 815
814 815
815 816
815 817
816 818
817 818
819 820
819 821
820 857
821 822
821 823
822 857
823 824
823 825
824 857
825 826
825 827
826 857
827 829
827 828
828 857
829 831
829 830
830 857
831 832
831 833
832 836
833 835
833 834
834 857
835 836
836 838
836 837
837 841
838 840
838 839
839 857
840 841
841 843
841 842
842 845
843 855
843 844
844 845
845 847
845 846
846 848
847 848
848 850
848 849
849 856
850 851
850 852
851 856
852 854
852 853
853 856
854 856
855 857
856 857
860 861
860 862
861 875
862 863
862 864
863 875
864 865
864 866
865 875
866 867
866 868
867 875
868 870
868 869
869 875
870 872
870 871
871 875
872 873
872 874
873 875
874 875
876 877
876 878
877 931
878 879
878 880
879 931
880 881
880 882
881 931
882 883
882 884
883 931
884 886
884 885
885 931
886 888
886 887
887 931
888 890
888 889
889 893
890 892
890 891
891 893
892 931
893 894
893 895
894 907
895 896
895 897
896 906
897 898
898 900
898 899
899 898
900 901
900 902
901 906
902 903
903 905
903 904
904 906
905 903
906 907
907 909
907 908
908 913
909 910
910 911
910 912
911 910
912 913
913 915
913 914
914 931
915 916
915 917
916 918
917 918
918 919
918 920
919 930
920 921
920 922
921 930
922 924
922 923
923 930
924 926
924 925
925 930
926 927
926 928
927 929
928 929
929 930
930 931
950 951
950 952
951 965
952 953
952 954
953 965
954 955
954 956
955 965
956 957
956 958
957 965
958 960
958 959
959 965
960 962
960 961
961 965
962 964
962 963
963 965
964 965
966 967
966 968
967 992
968 969
968 970
969 992
970 971
970 972
971 992
972 973
972 974
973 992
974 976
974 975
975 992
976 977
976 978
977 992
978 979
978 980
979 992
980 981
980 982
981 985
982 984
982 983
983 985
984 992
985 986
985 987
986 988
987 988
988 989
988 990
989 991
990 991
991 992
995 996
995 997
996 1008
997 998
997 999
998 1008
999 1000
999 1001
1000 1008
1001 1002
1001 1003
1002 1008
1003 1005
1003 1004
1004 1008
1005 1007
1005 1006
1006 1008
1007 1008
1009 1010
1009 1011
1010 1027
1011 1012
1011 1013
1012 1027
1013 1014
1013 1015
1014 1027
1015 1016
1015 1017
1016 1027
1017 1019
1017 1018
1018 1027
1019 1021
1019 1020
1020 1027
1021 1022
1021 1023
1022 1026
1023 1024
1023 1025
1024 1026
1025 1027
1026 1027
1028 1029
1028 1030
1029 1045
1030 1031
1030 1032
1031 1045
1032 1033
1032 1034
1033 1045
1034 1035
1034 1036
1035 1045
1036 1038
1036 1037
1037 1045
1038 1040
1038 1039
1039 1045
1040 1041
1040 1042
1040 1043
1041 1044
1042 1044
1043 1044
1044 1045
1046 1047
1046 1048
1047 1059
1048 1049
1048 1050
1049 1059
1050 1051
1050 1052
1051 1059
1052 1053
1052 1054
1053 1059
1054 1056
1054 1055
1055 1059
1056 1058
1056 1057
1057 1059
1058 1059
1060 1061
1060 1062
1061 1066
1062 1063
1063 1065
1063 1064
1064 1063
1065 1066
1066 1068
1066 1067
1067 1097
1068 1070
1068 1069
1069 1097
1070 1072
1070 1071
1071 1097
1072 1074
1072 1073
1073 1097
1074 1076
1074 1075
1075 1097
1076 1078
1076 1077
1077 1097
1078 1080
1078 1079
1079 1097
1080 1082
1080 1081
1081 1097
1082 1084
1082 1083
1083 1097
1084 1086
1084 1085
1085 1097
1086 1088
1086 1087
1087 1097
1088 1090
1088 1089
1089 1097
1090 1092
1090 1091
1091 1097
1092 1094
1092 1093
1093 1097
1094 1095
1094 1096
1095 1189
1096 1103
1097 1098
1098 1099
1098 1102
1099 1101
1099 1100
1100 1098
1101 1103
1102 1103
1103 1104
1103 1105
1104 1190
1105 1106
1105 1107
1106 1190
1107 1108
1107 1109
1108 1190
1109 1110
1109 1111
1110 1190
1111 1112
1111 1113
1112 1190
1113 1114
1113 1115
1114 1190
1115 1116
1115 1117
1116 1190
1117 1118
1117 1119
1118 1190
1119 1120
1119 1121
1120 1190
1121 1122
1121 1123
1122 1190
1123 1124
1123 1125
1124 1190
1125 1126
1125 1127
1126 1190
1127 1128
1127 1129
1128 1190
1129 1130
1129 1131
1130 1190
1131 1132
1131 1133
1132 1190
1133 1135
1133 1134
1134 1190
1135 1136
1135 1137
1136 1144
1137 1138
1138 1139
1138 1140
1139 1141
1140 1141
1141 1143
1141 1142
1142 1138
1143 1144
1144 1149
1144 1145
1144 1146
1145 1152
1146 1147
1146 1148
1147 1190
1148 1152
1149 1151
1149 1150
1150 1152
1151 1190
1152 1153
1153 1154
1153 1155
1154 1158
1155 1156
1155 1157
1156 1158
1157 1158
1158 1159
1159 1161
1159 1160
1160 1159
1161 1162
1162 1164
1162 1163
1163 1162
1164 1166
1164 1165
1165 1168
1166 1185
1166 1167
1167 1168
1168 1170
1168 1169
1169 1184
1170 1171
1170 1172
1171 1184
1172 1174
1172 1173
1173 1181
1174 1175
1175 1176
1175 1177
1176 1180
1177 1179
1177 1178
1178 1180
1179 1175
1180 1181
1181 1182
1181 1183
1182 1190
1183 1184
1184 1153
1185 1186
1185 1187
1186 1188
1187 1188
1188 1189
1189 1190
1212 1213
1212 1214
1213 1249
1214 1215
1214 1216
1215 1249
1216 1220
1216 1217
1217 1219
1217 1218
1218 1237
1219 1227
1220 1222
1220 1221
1221 1223
1222 1226
1223 1225
1223 1224
1224 1223
1225 1226
1226 1249
1227 1228
1228 1230
1228 1229
1229 1228
1230 1231
1230 1232
1231 1227
1232 1233
1232 1234
1233 1248
1234 1236
1234 1235
1235 1241
1236 1237
1237 1242
1238 1240
1238 1239
1239 1241
1240 1247
1241 1244
1242 1243
1242 1238
1243 1242
1244 1246
1244 1245
1245 1244
1246 1247
1247 1248
1248 1249
1258 1259
1258 1260
1259 1261
1260 1261
1270 1271
1270 1272
1271 1273
1272 1273
1284 1285
1284 1286
1285 1314
1286 1288
1286 1287
1287 1301
1288 1290
1288 1289
1289 1291
1290 1294
1291 1293
1291 1292
1292 1291
1293 1294
1294 1295
1294 1296
1295 1300
1296 1297
1297 1299
1297 1298
1298 1297
1299 1300
1300 1301
1301 1303
1301 1302
1302 1304
1303 1307
1304 1306
1304 1305
1305 1310
1306 1313
1307 1309
1307 1308
1308 1304
1309 1307
1310 1312
1310 1311
1311 1310
1312 1313
1313 1314
1318 1320
1318 1319
1319 1321
1320 1333
1321 1322
1321 1323
1322 1330
1323 1324
1324 1325
1324 1326
1325 1329
1326 1328
1326 1327
1327 1329
1328 1330
1329 1324
1330 1332
1330 1331
1331 1321
1332 1333
1333 1334
1334 1335
1334 1336
1335 1338
1336 1339
1336 1337
1337 1338
1338 1334
1344 1346
1344 1345
1345 1347
1346 1359
1347 1348
1347 1349
1348 1356
1349 1350
1350 1351
1350 1352
1351 1355
1352 1354
1352 1353
1353 1355
1354 1356
1355 1350
1356 1358
1356 1357
1357 1347
1358 1359
1359 1360
1360 1361
1360 1362
1361 1364
1362 1365
1362 1363
1363 1364
1364 1360
1370 1372
1370 1371
1371 1373
1372 1385
1373 1374
1373 1375
1374 1382
1375 1376
1376 1377
1376 1378
1377 1381
1378 1380
1378 1379
1379 1381
1380 1382
1381 1376
1382 1384
1382 1383
1383 1373
1384 1385
1388 1390
1388 1389
1389 1391
1390 1403
1391 1392
1391 1393
1392 1400
1393 1394
1394 1395
1394 1396
1395 1399
1396 1398
1396 1397
1397 1399
1398 1400
1399 1394
1400 1402
1400 1401
1401 1391
1402 1403
1406 1407
1407 1408
1407 1409
1408 1411
1409 1412
1409 1410
1410 1411
1411 1407
1415 1416
1416 1418
1416 1417
1417 1419
1418 1419
1419 1421
1419 1420
1420 1423
1421 1422
1422 1503
1423 1496
1423 1424
1424 1425
1424 1426
1425 1430
1426 1428
1426 1427
1427 1429
1428 1429
1429 1430
1430 1432
1430 1431
1431 1433
1432 1433
1433 1435
1433 1434
1434 1436
1435 1491
1436 1438
1436 1437
1437 1441
1438 1440
1438 1439
1439 1441
1440 1441
1441 1442
1441 1483
1442 1444
1442 1443
1443 1447
1444 1446
1444 1445
1445 1506
1446 1447
1447 1448
1447 1454
1448 1450
1448 1449
1449 1472
1450 1451
1451 1453
1451 1452
1452 1451
1453 1472
1454 1455
1454 1466
1455 1457
1455 1456
1456 1472
1457 1458
1458 1460
1458 1459
1459 1458
1460 1462
1460 1461
1461 1472
1462 1463
1463 1465
1463 1464
1464 1463
1465 1472
1466 1468
1466 1467
1467 1472
1468 1469
1469 1471
1469 1470
1470 1469
1471 1472
1472 1474
1472 1473
1473 1478
1474 1475
1475 1477
1475 1476
1476 1478
1477 1475
1478 1479
1478 1480
1479 1503
1480 1482
1480 1481
1481 1503
1482 1503
1483 1484
1484 1485
1484 1486
1485 1484
1486 1487
1486 1488
1487 1503
1488 1490
1488 1489
1489 1503
1490 1503
1491 1493
1491 1492
1492 1506
1493 1495
1493 1494
1494 1436
1495 1491
1496 1497
1496 1500
1497 1499
1497 1498
1498 1423
1499 1422
1500 1502
1500 1501
1501 1507
1502 1506
1503 1505
1503 1504
1504 1508
1505 1416
1506 1507
1507 1508
